Single-Difference Ambiguity Constraint  kiru                COMMENT
    SD                                                      TYPE OF CONSTRAINT
   658   652   648                                          G   AMB FIXING (T/W/N)
   382   368   367                                          E   AMB FIXING (T/W/N)
   129   129   129    ROUNDING                              IND AMB FIXING (T/W/N)
                                                            END OF HEADER
 G28 G31 2026  1 15  0  0  0.000000 2026  1 15  0 30  0.000000           -22           -9
 G03 G28 2026  1 15  0  0  0.000000 2026  1 15  0 30  0.000000             2           30
 G17 G19 2026  1 15  0  0  0.000000 2026  1 15  0 42 30.000000            11            5
 G01 G09 2026  1 15  0  0  0.000000 2026  1 15  0 48 30.000000            20          -22
 E18 E21 2026  1 15  0  0  0.000000 2026  1 15  0 50  0.000000            -9           -8
 G06 G26 2026  1 15  0 46 30.000000 2026  1 15  0 57  0.000000             4          -21
 G04 G31 2026  1 15  0  0  0.000000 2026  1 15  0 57 30.000000           -14           17
 G19 G28 2026  1 15  0 40  0.000000 2026  1 15  0 59  0.000000            18           37
 G11 G28 2026  1 15  0 40  0.000000 2026  1 15  0 59  0.000000             4           30
 E04 E11 2026  1 15  0  0  0.000000 2026  1 15  1  7 30.000000           -24           -8
 E04 E27 2026  1 15  0  0  0.000000 2026  1 15  1 14 30.000000            21          -11
 G03 G25 2026  1 15  0  0  0.000000 2026  1 15  1 17  0.000000            -2          -31
 G11 G28 2026  1 15  1  0 30.000000 2026  1 15  1 35  0.000000             7           30
 G04 G31 2026  1 15  0 58 30.000000 2026  1 15  2 46 30.000000           -13           17
 E04 E06 2026  1 15  0  0  0.000000 2026  1 15  2 48  0.000000            12          -23
 E36 E23 2026  1 15  1  0  0.000000 2026  1 15  2 50  0.000000            -5          -47
 E21 E15 2026  1 15  0 57  0.000000 2026  1 15  2 58  0.000000             8           11
 G06 G21 2026  1 15  1 38  0.000000 2026  1 15  3 29 30.000000            -2           11
 G06 G05 2026  1 15  2 39 30.000000 2026  1 15  3 29 30.000000            -5            5
 G11 G29 2026  1 15  1 34  0.000000 2026  1 15  3 42 30.000000            10           -6
 G26 G05 2026  1 15  2 39 30.000000 2026  1 15  3 45  0.000000            -8           26
 G09 G26 2026  1 15  0 46 30.000000 2026  1 15  3 45  0.000000            -2          -29
 E06 E31 2026  1 15  2 15 30.000000 2026  1 15  3 57 30.000000             5           19
 G04 G16 2026  1 15  1 48  0.000000 2026  1 15  4  7 30.000000           -12            1
 E34 E15 2026  1 15  0 57  0.000000 2026  1 15  4 16 30.000000             6            4
 G11 G21 2026  1 15  1 38  0.000000 2026  1 15  4 32 30.000000            -4            2
 E05 E23 2026  1 15  1  0  0.000000 2026  1 15  4 46 30.000000            -6          -27
 G16 G27 2026  1 15  4  6  0.000000 2026  1 15  5  2 30.000000            17          -29
 E09 E31 2026  1 15  2 15 30.000000 2026  1 15  5  4 30.000000            -7           -4
 E09 E05 2026  1 15  0 33  0.000000 2026  1 15  5  4 30.000000            -1           -2
 G09 G07 2026  1 15  1 49 30.000000 2026  1 15  5 15  0.000000           -24           -3
 E15 E26 2026  1 15  5  2 30.000000 2026  1 15  5 41  0.000000           -26          -15
 E15 E13 2026  1 15  2 58 30.000000 2026  1 15  5 41  0.000000           -16          -18
 G21 G23 2026  1 15  5 45  0.000000 2026  1 15  6 30 30.000000           -13           -2
 E13 E33 2026  1 15  6 26  0.000000 2026  1 15  6 46  0.000000            -1            1
 G27 G22 2026  1 15  5 26 30.000000 2026  1 15  6 47 30.000000           -14           36
 G30 G27 2026  1 15  4  6  0.000000 2026  1 15  6 47 30.000000            25           -7
 G05 G08 2026  1 15  4 45  0.000000 2026  1 15  6 55  0.000000             6           -7
 G18 G14 2026  1 15  4 53  0.000000 2026  1 15  6 57 30.000000             2           14
 G07 G30 2026  1 15  2 56  0.000000 2026  1 15  7 16 30.000000            -4          -13
 E05 E25 2026  1 15  4 56  0.000000 2026  1 15  7 16 30.000000            -8           -3
 G13 G08 2026  1 15  4 45  0.000000 2026  1 15  7 42  0.000000            15          -21
 E26 E02 2026  1 15  6 46 30.000000 2026  1 15  8 17  0.000000            17            5
 G15 G23 2026  1 15  5 45  0.000000 2026  1 15  9 13  0.000000           -24          -12
 G23 G10 2026  1 15  6 58 30.000000 2026  1 15  9 13  0.000000            38          -23
 E03 E10 2026  1 15  8 29  0.000000 2026  1 15  9 14 30.000000            25          -42
 G13 G17 2026  1 15  7  9 30.000000 2026  1 15  9 16  0.000000             8          -39
 E33 E30 2026  1 15  9  0  0.000000 2026  1 15  9 37 30.000000            38           -7
 G10 G02 2026  1 15  7  0  0.000000 2026  1 15  9 39  0.000000           -17           41
 G14 G22 2026  1 15  5 26 30.000000 2026  1 15  9 52 30.000000           -13           -2
 G10 G06 2026  1 15 10  0 30.000000 2026  1 15 10 12 30.000000            -6          -66
 G17 G01 2026  1 15  8 13 30.000000 2026  1 15 10 39  0.000000            37           16
 E08 E30 2026  1 15  9  0  0.000000 2026  1 15 11  0  0.000000            31          -21
 E08 E07 2026  1 15  7  4  0.000000 2026  1 15 11  0  0.000000             8           -9
 E25 E18 2026  1 15  8 10 30.000000 2026  1 15 11  4 30.000000            46           -5
 E25 E10 2026  1 15  8 29  0.000000 2026  1 15 11  4 30.000000            16          -41
 E12 E27 2026  1 15 10 55 30.000000 2026  1 15 11 17 30.000000            36          -38
 G17 G03 2026  1 15 10 21 30.000000 2026  1 15 11 36 30.000000             6           12
 G24 G32 2026  1 15  8 49  0.000000 2026  1 15 12  1 30.000000           -16          -37
 G24 G25 2026  1 15  9 53  0.000000 2026  1 15 12  1 30.000000            10          -49
 E10 E36 2026  1 15 10 14 30.000000 2026  1 15 12  5  0.000000            34          -22
 G19 G03 2026  1 15 10 21 30.000000 2026  1 15 12 21 30.000000            14            8
 G12 G32 2026  1 15  8 49  0.000000 2026  1 15 12 29  0.000000           -31          -36
 E07 E29 2026  1 15  9 14 30.000000 2026  1 15 12 30  0.000000            19           22
 E02 E11 2026  1 15  9  5 30.000000 2026  1 15 13  0 30.000000            25          -26
 E02 E36 2026  1 15 10 14 30.000000 2026  1 15 13 24 30.000000            49          -59
 E29 E15 2026  1 15 13  9 30.000000 2026  1 15 13 53  0.000000           -10          -94
 E29 E19 2026  1 15 11 11 30.000000 2026  1 15 13 53  0.000000           -18          -10
 G12 G06 2026  1 15 10  0 30.000000 2026  1 15 13 54  0.000000            16          -83
 G06 G21 2026  1 15 13 16 30.000000 2026  1 15 13 54  0.000000           -21           79
 E27 E19 2026  1 15 11 11 30.000000 2026  1 15 14 35  0.000000           -21           42
 G25 G05 2026  1 15 13 51  0.000000 2026  1 15 15 14  0.000000             1           27
 G28 G04 2026  1 15 12 45 30.000000 2026  1 15 15 16 30.000000            30            6
 G28 G29 2026  1 15 11 30 30.000000 2026  1 15 15 16 30.000000            56          -66
 G11 G21 2026  1 15 13 16 30.000000 2026  1 15 15 17 30.000000            12           69
 G04 G09 2026  1 15 13 33 30.000000 2026  1 15 15 23 30.000000            27           -4
 E30 E34 2026  1 15 11 50 30.000000 2026  1 15 15 35  0.000000             4          -44
 G09 G05 2026  1 15 13 51  0.000000 2026  1 15 15 47  0.000000           -14          -13
 G31 G18 2026  1 15 14  2 30.000000 2026  1 15 16  5  0.000000            22          -16
 E04 E15 2026  1 15 13  9 30.000000 2026  1 15 16 21  0.000000             4          -76
 E06 E13 2026  1 15 14 59  0.000000 2026  1 15 16 54 30.000000            25          -26
 G29 G07 2026  1 15 16 17 30.000000 2026  1 15 16 58 30.000000            -3           77
 G29 G18 2026  1 15 14  2 30.000000 2026  1 15 16 58 30.000000             8           44
 E27 E26 2026  1 15 16 59 30.000000 2026  1 15 17 28 30.000000           -36           21
 E09 E05 2026  1 15 16  6 30.000000 2026  1 15 17 44  0.000000           -10          -17
 E09 E13 2026  1 15 14 59  0.000000 2026  1 15 17 44  0.000000            36          -29
 G26 G10 2026  1 15 17  4  0.000000 2026  1 15 17 48  0.000000           -15           35
 G26 G15 2026  1 15 16 36  0.000000 2026  1 15 17 48  0.000000           -39           57
 G16 G02 2026  1 15 18 16  0.000000 2026  1 15 18 42 30.000000             8           41
 G23 G07 2026  1 15 16 17 30.000000 2026  1 15 18 47  0.000000            14           -1
 G13 G15 2026  1 15 16 36  0.000000 2026  1 15 19  4 30.000000            -8           -2
 G18 G30 2026  1 15 16 59  0.000000 2026  1 15 19  9  0.000000           -22            2
 G30 G10 2026  1 15 17  4  0.000000 2026  1 15 19  9  0.000000            10           19
 E21 E23 2026  1 15 15 24  0.000000 2026  1 15 19 14  0.000000             0           48
 E21 E05 2026  1 15 16  6 30.000000 2026  1 15 19 14  0.000000           -15           17
 E15 E08 2026  1 15 18 39  0.000000 2026  1 15 19 16  0.000000            -9           91
 E15 E03 2026  1 15 17 18 30.000000 2026  1 15 19 16  0.000000           -11           72
 E23 E33 2026  1 15 19 15 30.000000 2026  1 15 20 37  0.000000            -9            4
 E14 E31 2026  1 15 17 39  0.000000 2026  1 15 20 43 30.000000            12          -19
 G27 G22 2026  1 15 19 39  0.000000 2026  1 15 20 48  0.000000           -37          -32
 G27 G02 2026  1 15 18 16  0.000000 2026  1 15 20 48  0.000000             4           28
 E03 E07 2026  1 15 19 45  0.000000 2026  1 15 21 10 30.000000            14           15
 G10 G17 2026  1 15 20 32 30.000000 2026  1 15 21 23  0.000000            -6          -11
 G10 G32 2026  1 15 19 13  0.000000 2026  1 15 21 23  0.000000             0            5
 G02 G14 2026  1 15 18 47  0.000000 2026  1 15 21 28 30.000000             1          -36
 G08 G22 2026  1 15 19 39  0.000000 2026  1 15 21 30 30.000000           -37          -30
 E13 E26 2026  1 15 16 59 30.000000 2026  1 15 21 34  0.000000           -48           18
 G08 G24 2026  1 15 19 34  0.000000 2026  1 15 21 41 30.000000             6          -23
 G24 G03 2026  1 15 20 57  0.000000 2026  1 15 21 50 30.000000           -10           28
 E31 E33 2026  1 15 19 15 30.000000 2026  1 15 22  1 30.000000            -5           44
 E31 E25 2026  1 15 21 20 30.000000 2026  1 15 22  1 30.000000           -15            9
 G10 G22 2026  1 15 21 32  0.000000 2026  1 15 22  9 30.000000           -48          -25
 G32 G10 2026  1 15 21 25  0.000000 2026  1 15 22  9 30.000000             2           -5
 E08 E12 2026  1 15 21 40 30.000000 2026  1 15 23  6  0.000000            -5          -17
 G28 G12 2026  1 15 22 22  0.000000 2026  1 15 23 28  0.000000           -19            2
 G32 G12 2026  1 15 22 22  0.000000 2026  1 15 23 28  0.000000           -22           18
 G02 G06 2026  1 15 23 27  0.000000 2026  1 15 23 42 30.000000            11          -33
 G02 G04 2026  1 15 22 40  0.000000 2026  1 15 23 42 30.000000             5          -13
 G32 G25 2026  1 15 23  1 30.000000 2026  1 15 23 49 30.000000            -4          -10
 G25 G12 2026  1 15 23 29  0.000000 2026  1 15 23 57 30.000000           -17           28
 E12 E02 2026  1 15 22 59  0.000000 2026  1 15 23 59 30.000000            11            9
 G28 G31 2026  1 15 22 39  0.000000 2026  1 15 23 59 30.000000           -17            6
 G01 G19 2026  1 15 21 25  0.000000 2026  1 15 23 59 30.000000            27          -38
 E25 E19 2026  1 15 23 17  0.000000 2026  1 15 23 59 30.000000            22           31
 E07 E10 2026  1 15 22 31 30.000000 2026  1 15 23 59 30.000000           -14          -12
 G03 G19 2026  1 15 21 25  0.000000 2026  1 15 23 59 30.000000             9          -17
 G31 G04 2026  1 15 22 40  0.000000 2026  1 15 23 59 30.000000            20           -5
 G01 G17 2026  1 15 21 54 30.000000 2026  1 15 23 59 30.000000            25          -42
 E33 E29 2026  1 15 21 21 30.000000 2026  1 15 23 59 30.000000            13           -5
