Single-Difference Ambiguity Constraint  wuh2                COMMENT
    SD                                                      TYPE OF CONSTRAINT
   284   241   239                                          G   AMB FIXING (T/W/N)
    43    43    43    ROUNDING                              IND AMB FIXING (T/W/N)
                                                            END OF HEADER
 G25 G03 2026  1 15  0 26  0.000000 2026  1 15  0 38 30.000000             4            8
 G10 G26 2026  1 15  0  0  0.000000 2026  1 15  0 47  0.000000            -2          -22
 G10 G28 2026  1 15  0  0  0.000000 2026  1 15  0 47  0.000000             3           14
 G28 G29 2026  1 15  0  0  0.000000 2026  1 15  1 57  0.000000             0          -49
 G32 G16 2026  1 15  0  8  0.000000 2026  1 15  2  4  0.000000             4          -15
 G03 G04 2026  1 15  1 44 30.000000 2026  1 15  3  8  0.000000             2            3
 G03 G27 2026  1 15  1 18  0.000000 2026  1 15  3  8  0.000000             2         -102
 G31 G27 2026  1 15  1 18  0.000000 2026  1 15  4 45  0.000000            -2         -135
 G26 G07 2026  1 15  4 39 30.000000 2026  1 15  5  7  0.000000             7          -17
 G26 G16 2026  1 15  0  8  0.000000 2026  1 15  5  7  0.000000             6           -7
 G04 G02 2026  1 15  4  8 30.000000 2026  1 15  6 11  0.000000             7         -119
 G09 G01 2026  1 15  5  7  0.000000 2026  1 15  6 13  0.000000             8         -133
 G16 G09 2026  1 15  2 57  0.000000 2026  1 15  6 13  0.000000            -3          -30
 G27 G30 2026  1 15  5 43 30.000000 2026  1 15  7  5 30.000000            -2           66
 G08 G02 2026  1 15  4  8 30.000000 2026  1 15  8 26 30.000000             8            2
 G07 G14 2026  1 15  6 41 30.000000 2026  1 15  9 36  0.000000            -2           -6
 G07 G03 2026  1 15  8 18  0.000000 2026  1 15  9 36  0.000000            -3          -73
 G01 G30 2026  1 15  5 43 30.000000 2026  1 15 10 20  0.000000            -8          134
 G22 G03 2026  1 15  8 18  0.000000 2026  1 15 11 41  0.000000            -3          -78
 G14 G09 2026  1 15 11 12 30.000000 2026  1 15 12 29 30.000000            -1            6
 G22 G11 2026  1 15 10 32 30.000000 2026  1 15 13 11  0.000000            -1           -3
 G22 G05 2026  1 15 12 39 30.000000 2026  1 15 13 11  0.000000             1            4
 G17 G21 2026  1 15 11  4  0.000000 2026  1 15 13 51 30.000000            -2           -7
 G17 G19 2026  1 15  8 25 30.000000 2026  1 15 13 51 30.000000            -3           41
 G09 G12 2026  1 15 11 54 30.000000 2026  1 15 14  8 30.000000             2           39
 G19 G06 2026  1 15  8 44  0.000000 2026  1 15 14 33 30.000000            -3          -63
 G19 G05 2026  1 15 12 39 30.000000 2026  1 15 14 33 30.000000             1           12
 G21 G25 2026  1 15 13 34 30.000000 2026  1 15 14 34  0.000000            -6           70
 G29 G30 2026  1 15 15 13 30.000000 2026  1 15 16  4  0.000000            -3          -17
 G11 G13 2026  1 15 13 48 30.000000 2026  1 15 17 28  0.000000             2           11
 G29 G23 2026  1 15 16 57  0.000000 2026  1 15 18 53 30.000000             0            0
 G13 G15 2026  1 15 14 20 30.000000 2026  1 15 19  9  0.000000            -1            2
 G15 G12 2026  1 15 20  0 30.000000 2026  1 15 20 58 30.000000            -1           24
 G18 G28 2026  1 15 20 41 30.000000 2026  1 15 21 41  0.000000             0           -3
 G24 G10 2026  1 15 19 18 30.000000 2026  1 15 21 48 30.000000             0           15
 G32 G12 2026  1 15 20  0 30.000000 2026  1 15 23  0  0.000000             3           22
 G23 G32 2026  1 15 19 22 30.000000 2026  1 15 23 15  0.000000            -2          -25
 G23 G10 2026  1 15 19 18 30.000000 2026  1 15 23 15  0.000000            -3          -14
 G31 G26 2026  1 15 22 22 30.000000 2026  1 15 23 59 30.000000            -8          -34
 G10 G25 2026  1 15 19 46 30.000000 2026  1 15 23 59 30.000000            -1          -15
 G28 G31 2026  1 15 22  7 30.000000 2026  1 15 23 59 30.000000             1           -2
 G10 G28 2026  1 15 20 41 30.000000 2026  1 15 23 59 30.000000             3           20
 G32 G29 2026  1 15 23 41 30.000000 2026  1 15 23 59 30.000000             4          -20
