Single-Difference Ambiguity Constraint  wuh2                COMMENT
    SD                                                      TYPE OF CONSTRAINT
   284   241   221                                          G   AMB FIXING (T/W/N)
   198   188   188                                          E   AMB FIXING (T/W/N)
    75    75    73    ROUNDING                              IND AMB FIXING (T/W/N)
                                                            END OF HEADER
 G25 G03 2026  1 15  0 26  0.000000 2026  1 15  0 38 30.000000             4            8
 G10 G32 2026  1 15  0  0  0.000000 2026  1 15  0 47  0.000000             0          -14
 G10 G28 2026  1 15  0  0  0.000000 2026  1 15  0 47  0.000000             3           14
 E14 E29 2026  1 15  0  0  0.000000 2026  1 15  1  4 30.000000            -5           13
 G26 G32 2026  1 15  0  0  0.000000 2026  1 15  2  4  0.000000             2            8
 G32 G27 2026  1 15  1 18  0.000000 2026  1 15  2  4  0.000000             3         -110
 E21 E31 2026  1 15  0  0  0.000000 2026  1 15  2 34  0.000000             9          -41
 G28 G03 2026  1 15  0 26  0.000000 2026  1 15  3  8  0.000000            -2          -36
 E19 E23 2026  1 15  0  0  0.000000 2026  1 15  3  9  0.000000             7           -8
 G31 G04 2026  1 15  1 44 30.000000 2026  1 15  4 45  0.000000            -2          -30
 G31 G16 2026  1 15  0  8  0.000000 2026  1 15  4 45  0.000000            -1          -40
 G26 G16 2026  1 15  0  8  0.000000 2026  1 15  5  7  0.000000             6           -7
 E04 E14 2026  1 15  0  0  0.000000 2026  1 15  5 53 30.000000            14          -38
 E23 E10 2026  1 15  5 12  0.000000 2026  1 15  6  7  0.000000            68         -211
 E23 E12 2026  1 15  5  1 30.000000 2026  1 15  6  7  0.000000            33          -89
 E14 E12 2026  1 15  5  1 30.000000 2026  1 15  6 12 30.000000            21          -58
 G09 G02 2026  1 15  4  8 30.000000 2026  1 15  6 13  0.000000             9          -79
 G27 G09 2026  1 15  2 57  0.000000 2026  1 15  6 13  0.000000            -2           65
 G16 G30 2026  1 15  5 43 30.000000 2026  1 15  6 29 30.000000            -3          -29
 E06 E11 2026  1 15  6 23 30.000000 2026  1 15  6 44 30.000000            77         -111
 G27 G08 2026  1 15  2 15 30.000000 2026  1 15  7  5 30.000000            -1          -16
 E09 E05 2026  1 15  4 30  0.000000 2026  1 15  7 23 30.000000            31           -8
 E09 E25 2026  1 15  6 28  0.000000 2026  1 15  7 23 30.000000            39          -20
 E33 E10 2026  1 15  5 12  0.000000 2026  1 15  8  0  0.000000            35         -104
 G08 G07 2026  1 15  4 39 30.000000 2026  1 15  8 26 30.000000             3          101
 E31 E36 2026  1 15  8 17  0.000000 2026  1 15  9 15 30.000000            68         -134
 G07 G06 2026  1 15  8 44  0.000000 2026  1 15  9 36  0.000000            -3          -66
 G07 G14 2026  1 15  6 41 30.000000 2026  1 15  9 36  0.000000            -2           -6
 G01 G30 2026  1 15  5 43 30.000000 2026  1 15 10 20  0.000000            -8          134
 G03 G09 2026  1 15 11 12 30.000000 2026  1 15 11 41  0.000000             0           73
 E10 E09 2026  1 15 12  7  0.000000 2026  1 15 12 25  0.000000           -59          190
 G14 G21 2026  1 15 11  4  0.000000 2026  1 15 12 29 30.000000             3          -45
 G17 G22 2026  1 15  7 37 30.000000 2026  1 15 13 11  0.000000            -3           49
 G17 G19 2026  1 15  8 25 30.000000 2026  1 15 13 51 30.000000            -3           41
 E25 E30 2026  1 15 12 56  0.000000 2026  1 15 14  5  0.000000           -28           56
 G09 G05 2026  1 15 12 39 30.000000 2026  1 15 14  8 30.000000             4            9
 E11 E02 2026  1 15 10 18  0.000000 2026  1 15 14 16  0.000000           -23          156
 E11 E09 2026  1 15 12  7  0.000000 2026  1 15 14 16  0.000000           -38          125
 G19 G06 2026  1 15  8 44  0.000000 2026  1 15 14 33 30.000000            -3          -63
 E36 E06 2026  1 15 11 50 30.000000 2026  1 15 14 56  0.000000           -69          136
 E02 E06 2026  1 15 11 50 30.000000 2026  1 15 14 56  0.000000           -18          -47
 G12 G29 2026  1 15 14 44 30.000000 2026  1 15 14 57  0.000000            -1            3
 E18 E15 2026  1 15 14 57 30.000000 2026  1 15 15 32  0.000000             5           42
 E18 E03 2026  1 15 14 27  0.000000 2026  1 15 15 32  0.000000             2           21
 E34 E30 2026  1 15 12 56  0.000000 2026  1 15 15 45  0.000000           -16           30
 G21 G30 2026  1 15 15 13 30.000000 2026  1 15 16  4  0.000000            -6           76
 E36 E15 2026  1 15 14 57 30.000000 2026  1 15 17 19 30.000000           -64          176
 G11 G23 2026  1 15 16 57  0.000000 2026  1 15 17 28  0.000000            -1           40
 G21 G13 2026  1 15 13 48 30.000000 2026  1 15 17 50  0.000000             0           64
 G29 G23 2026  1 15 16 57  0.000000 2026  1 15 18 53 30.000000             0            0
 G05 G13 2026  1 15 13 48 30.000000 2026  1 15 19  9  0.000000             0            4
 G05 G15 2026  1 15 14 20 30.000000 2026  1 15 19 12 30.000000            -1            6
 E34 E05 2026  1 15 12 30  0.000000 2026  1 15 19 30  0.000000             8          -56
 E05 E03 2026  1 15 14 27  0.000000 2026  1 15 19 30  0.000000           -14           71
 E34 E08 2026  1 15 16 27 30.000000 2026  1 15 20 22  0.000000           -11           30
 G15 G32 2026  1 15 19 22 30.000000 2026  1 15 20 58 30.000000            -4            2
 G15 G12 2026  1 15 20  0 30.000000 2026  1 15 20 58 30.000000            -1           24
 G18 G28 2026  1 15 20 41 30.000000 2026  1 15 21 41  0.000000             0           -3
 G24 G25 2026  1 15 19 46 30.000000 2026  1 15 21 48 30.000000            -1            0
 E08 E25 2026  1 15 19 39  0.000000 2026  1 15 21 56 30.000000            -2           -2
 E15 E07 2026  1 15 19 48  0.000000 2026  1 15 22 15 30.000000            -3          -13
 G23 G12 2026  1 15 20  0 30.000000 2026  1 15 23  0  0.000000             1           -3
 G23 G10 2026  1 15 19 18 30.000000 2026  1 15 23 15  0.000000            -3          -14
 E13 E07 2026  1 15 19 48  0.000000 2026  1 15 23 21  0.000000             9           -5
 E13 E26 2026  1 15 21 15 30.000000 2026  1 15 23 21  0.000000           -21            4
 E13 E30 2026  1 15 20 42 30.000000 2026  1 15 23 21  0.000000           -14          -21
 E02 E26 2026  1 15 21 15 30.000000 2026  1 15 23 49  0.000000           -11            1
 G32 G29 2026  1 15 23 41 30.000000 2026  1 15 23 59 30.000000             4          -20
 G31 G26 2026  1 15 22 22 30.000000 2026  1 15 23 59 30.000000            -8          -34
 G10 G28 2026  1 15 20 41 30.000000 2026  1 15 23 59 30.000000             3           20
 G28 G31 2026  1 15 22  7 30.000000 2026  1 15 23 59 30.000000             1           -2
 E02 E27 2026  1 15 22 36 30.000000 2026  1 15 23 59 30.000000             6           -4
 G10 G25 2026  1 15 19 46 30.000000 2026  1 15 23 59 30.000000            -1          -15
