Single-Difference Ambiguity Constraint  zim2                COMMENT
    SD                                                      TYPE OF CONSTRAINT
   368   300   300                                          G   AMB FIXING (T/W/N)
   211   210   210                                          E   AMB FIXING (T/W/N)
    86    86    86    ROUNDING                              IND AMB FIXING (T/W/N)
                                                            END OF HEADER
 G17 G19 2026  1 15  0  0  0.000000 2026  1 15  1 17 30.000000            -3           12
 G09 G17 2026  1 15  0  0  0.000000 2026  1 15  1 17 30.000000           -13           34
 G01 G03 2026  1 15  0  0  0.000000 2026  1 15  1 20 30.000000             4           -2
 G01 G07 2026  1 15  0 57  0.000000 2026  1 15  1 20 30.000000           -12           -4
 G19 G11 2026  1 15  0 59  0.000000 2026  1 15  1 41  0.000000            10            2
 G31 G07 2026  1 15  0 57  0.000000 2026  1 15  1 48  0.000000            -7          -15
 E04 E11 2026  1 15  0  0  0.000000 2026  1 15  1 49  0.000000           -12           21
 E04 E06 2026  1 15  0  0  0.000000 2026  1 15  1 58 30.000000             9           -4
 E06 E31 2026  1 15  2 25  0.000000 2026  1 15  3 17 30.000000            -2            2
 G04 G30 2026  1 15  2  4  0.000000 2026  1 15  3 50  0.000000            -9          -28
 E09 E36 2026  1 15  0  0  0.000000 2026  1 15  3 50 30.000000            -1           -8
 E05 E36 2026  1 15  0  0  0.000000 2026  1 15  3 50 30.000000             3           -1
 G06 G09 2026  1 15  0  0  0.000000 2026  1 15  4 21 30.000000             4          -16
 G06 G30 2026  1 15  2  4  0.000000 2026  1 15  4 21 30.000000            -5          -23
 E09 E31 2026  1 15  2 25  0.000000 2026  1 15  4 48 30.000000            -1           -4
 E05 E34 2026  1 15  0  0  0.000000 2026  1 15  5 16 30.000000            -4           10
 E34 E03 2026  1 15  2  4  0.000000 2026  1 15  5 16 30.000000             2          -10
 E15 E13 2026  1 15  3 56 30.000000 2026  1 15  6  6 30.000000             4           -1
 E15 E08 2026  1 15  4 26 30.000000 2026  1 15  6  6 30.000000            10          -12
 G07 G22 2026  1 15  4 38 30.000000 2026  1 15  6 48  0.000000            -8            7
 G21 G05 2026  1 15  2 55  0.000000 2026  1 15  7 10 30.000000            -6           -1
 G21 G15 2026  1 15  4 56  0.000000 2026  1 15  7 10 30.000000            -2          -18
 E05 E25 2026  1 15  4  6 30.000000 2026  1 15  7 31  0.000000            -8           -3
 G05 G13 2026  1 15  3 49 30.000000 2026  1 15  7 57  0.000000             7          -17
 G30 G17 2026  1 15  6 47 30.000000 2026  1 15  8  3  0.000000            21           -6
 G14 G19 2026  1 15  7 18 30.000000 2026  1 15  9 12  0.000000             4          -41
 G14 G22 2026  1 15  4 38 30.000000 2026  1 15  9 12  0.000000           -18           -3
 G13 G24 2026  1 15  6 19  0.000000 2026  1 15  9 57  0.000000             1          -17
 G23 G17 2026  1 15  6 47 30.000000 2026  1 15 10  2  0.000000            20          -58
 G15 G23 2026  1 15  6 27  0.000000 2026  1 15 10  2  0.000000             1           25
 E03 E02 2026  1 15  5 50  0.000000 2026  1 15 10  5  0.000000            -3            8
 G17 G10 2026  1 15  7 54  0.000000 2026  1 15 10 35 30.000000           -21           31
 G19 G10 2026  1 15  7 54  0.000000 2026  1 15 10 38  0.000000           -11           35
 G19 G06 2026  1 15 10  3  0.000000 2026  1 15 11 34  0.000000            20          -69
 E08 E29 2026  1 15  9 56 30.000000 2026  1 15 11 45 30.000000             5          -21
 E08 E27 2026  1 15 10 17  0.000000 2026  1 15 11 45 30.000000            14          -67
 E36 E18 2026  1 15 10 44 30.000000 2026  1 15 11 57 30.000000             7           84
 G24 G12 2026  1 15  7 54 30.000000 2026  1 15 12 33 30.000000             9           -9
 E02 E36 2026  1 15 10 25 30.000000 2026  1 15 13 15  0.000000             2          -99
 E02 E34 2026  1 15 11 10 30.000000 2026  1 15 13 15  0.000000            37         -129
 G32 G28 2026  1 15 11  4  0.000000 2026  1 15 13 20 30.000000             6          -14
 E07 E15 2026  1 15 12 20  0.000000 2026  1 15 13 24 30.000000            61         -148
 E07 E30 2026  1 15  7 50 30.000000 2026  1 15 13 24 30.000000            18          -45
 G12 G25 2026  1 15  9 26 30.000000 2026  1 15 14  9 30.000000            10          -46
 G12 G05 2026  1 15 13 47 30.000000 2026  1 15 14  9 30.000000             4          -57
 G11 G28 2026  1 15 11  4  0.000000 2026  1 15 14 10 30.000000           -11           60
 E29 E21 2026  1 15 12 52 30.000000 2026  1 15 14 18  0.000000            16          -48
 E19 E13 2026  1 15 14  8 30.000000 2026  1 15 14 49 30.000000            68          -27
 G25 G26 2026  1 15 12 50 30.000000 2026  1 15 15 39  0.000000             6          -23
 G28 G18 2026  1 15 13 14 30.000000 2026  1 15 16  5  0.000000            16          -37
 E30 E34 2026  1 15 11 10 30.000000 2026  1 15 16  5 30.000000            19          -90
 G05 G23 2026  1 15 15 18 30.000000 2026  1 15 16 26  0.000000             5           30
 G29 G16 2026  1 15 14 21 30.000000 2026  1 15 16 49  0.000000           -14           82
 G29 G27 2026  1 15 15 13  0.000000 2026  1 15 16 49  0.000000           -13           50
 G29 G10 2026  1 15 16 19 30.000000 2026  1 15 16 49  0.000000           -20           45
 G31 G08 2026  1 15 16 33  0.000000 2026  1 15 16 52 30.000000            -4            2
 E21 E14 2026  1 15 16 19 30.000000 2026  1 15 18  1 30.000000           -32           70
 E27 E15 2026  1 15 12 20  0.000000 2026  1 15 18 21  0.000000            40          -74
 G26 G10 2026  1 15 16 19 30.000000 2026  1 15 18 43  0.000000           -15           22
 G18 G10 2026  1 15 16 19 30.000000 2026  1 15 18 55  0.000000           -19            7
 G16 G32 2026  1 15 18 44 30.000000 2026  1 15 19 37  0.000000            -9           11
 E21 E08 2026  1 15 18 28  0.000000 2026  1 15 20 11  0.000000           -25           69
 E21 E07 2026  1 15 19 13 30.000000 2026  1 15 20 11  0.000000           -17           52
 E31 E14 2026  1 15 20 41  0.000000 2026  1 15 21 16  0.000000            -7           27
 G27 G08 2026  1 15 16 33  0.000000 2026  1 15 21 30 30.000000            -6           23
 E23 E29 2026  1 15 20 27  0.000000 2026  1 15 21 35 30.000000           -19           25
 E23 E33 2026  1 15 18 38  0.000000 2026  1 15 21 35 30.000000           -39           30
 E13 E26 2026  1 15 16  8 30.000000 2026  1 15 21 39  0.000000           -76           40
 E13 E08 2026  1 15 18 28  0.000000 2026  1 15 21 39  0.000000           -88           67
 G14 G04 2026  1 15 21 52 30.000000 2026  1 15 22 28  0.000000            11          -21
 G08 G02 2026  1 15 17 33  0.000000 2026  1 15 22 34  0.000000             0           23
 G08 G01 2026  1 15 18 52  0.000000 2026  1 15 22 34  0.000000            -7           30
 E31 E19 2026  1 15 22 23  0.000000 2026  1 15 22 47 30.000000            -2           26
 G32 G28 2026  1 15 21 51 30.000000 2026  1 15 22 50 30.000000           -21           18
 G09 G28 2026  1 15 23 19  0.000000 2026  1 15 23 59 30.000000           -41           15
 G01 G04 2026  1 15 21 52 30.000000 2026  1 15 23 59 30.000000             0           11
 G04 G28 2026  1 15 23 19  0.000000 2026  1 15 23 59 30.000000           -37           -3
 G03 G31 2026  1 15 22 23  0.000000 2026  1 15 23 59 30.000000             1           22
 G03 G09 2026  1 15 22 53 30.000000 2026  1 15 23 59 30.000000             8           -2
 G09 G06 2026  1 15 23  6  0.000000 2026  1 15 23 59 30.000000           -19           11
 E33 E12 2026  1 15 21 31 30.000000 2026  1 15 23 59 30.000000            22           32
 G03 G19 2026  1 15 22  0 30.000000 2026  1 15 23 59 30.000000            -1           51
 E19 E10 2026  1 15 22 50 30.000000 2026  1 15 23 59 30.000000           -14            5
 E33 E10 2026  1 15 22 50 30.000000 2026  1 15 23 59 30.000000            15           18
 G17 G19 2026  1 15 22  0 30.000000 2026  1 15 23 59 30.000000            -3            4
 E26 E29 2026  1 15 20 27  0.000000 2026  1 15 23 59 30.000000           -18           14
