Single-Difference Ambiguity Constraint  hkws                COMMENT
    SD                                                      TYPE OF CONSTRAINT
   309   237   237                                          G   AMB FIXING (T/W/N)
   174   173   173                                          E   AMB FIXING (T/W/N)
    70    70    70    ROUNDING                              IND AMB FIXING (T/W/N)
                                                            END OF HEADER
 G25 G29 2026  1 15  0  0  0.000000 2026  1 15  0 45  0.000000           -13          -14
 G10 G31 2026  1 15  0  0  0.000000 2026  1 15  1  5 30.000000            -5           20
 G10 G16 2026  1 15  0  0  0.000000 2026  1 15  1  5 30.000000             8           -2
 E04 E29 2026  1 15  0  0  0.000000 2026  1 15  1 40 30.000000            16          -48
 G16 G29 2026  1 15  0  0  0.000000 2026  1 15  1 54 30.000000            -4          -17
 E21 E23 2026  1 15  0  0  0.000000 2026  1 15  2 24 30.000000            -7            2
 E04 E21 2026  1 15  0  0  0.000000 2026  1 15  2 24 30.000000             6          -11
 G32 G04 2026  1 15  1 15 30.000000 2026  1 15  2 47 30.000000            10          -21
 G03 G04 2026  1 15  1 15 30.000000 2026  1 15  3 31 30.000000            10          -31
 G28 G03 2026  1 15  0  0 30.000000 2026  1 15  3 31 30.000000            23          -21
 E19 E09 2026  1 15  1 17 30.000000 2026  1 15  4  1  0.000000            11          -37
 E19 E31 2026  1 15  0  0  0.000000 2026  1 15  4  1  0.000000            12          -25
 E23 E33 2026  1 15  3  3 30.000000 2026  1 15  5  9 30.000000            56         -176
 G26 G01 2026  1 15  4 45 30.000000 2026  1 15  5 12 30.000000            38         -156
 G26 G31 2026  1 15  0  0  0.000000 2026  1 15  5 12 30.000000            -2           33
 G31 G27 2026  1 15  0 54 30.000000 2026  1 15  5 34  0.000000            22         -138
 G04 G01 2026  1 15  4 45 30.000000 2026  1 15  6 42  0.000000            18         -133
 E06 E33 2026  1 15  3  3 30.000000 2026  1 15  6 54  0.000000            49         -164
 E06 E31 2026  1 15  0  0  0.000000 2026  1 15  6 54  0.000000             9          -23
 G09 G07 2026  1 15  4  6  0.000000 2026  1 15  7 18 30.000000             1           -2
 E09 E05 2026  1 15  4 10  0.000000 2026  1 15  7 51  0.000000            18          -28
 G08 G19 2026  1 15  7 27 30.000000 2026  1 15  8 41 30.000000             6          -26
 G08 G17 2026  1 15  6 26  0.000000 2026  1 15  8 41 30.000000            20          -31
 G02 G01 2026  1 15  4 45 30.000000 2026  1 15  9 19 30.000000            -2           -7
 G07 G06 2026  1 15  8 15 30.000000 2026  1 15  9 52 30.000000             9         -159
 E31 E36 2026  1 15  7 53 30.000000 2026  1 15 10  0 30.000000            62         -164
 G01 G09 2026  1 15 10 19 30.000000 2026  1 15 10 38  0.000000            -4            4
 E12 E11 2026  1 15  5 59 30.000000 2026  1 15 10 48 30.000000            10           -5
 G30 G11 2026  1 15 10 10  0.000000 2026  1 15 10 51  0.000000            -6         -116
 G03 G22 2026  1 15  7  8 30.000000 2026  1 15 11 44  0.000000           -22          107
 G14 G03 2026  1 15  6 57  0.000000 2026  1 15 11 44  0.000000             1         -122
 E10 E11 2026  1 15  5 59 30.000000 2026  1 15 11 58  0.000000            42           17
 E10 E02 2026  1 15  9 42  0.000000 2026  1 15 11 58  0.000000           -13          133
 G14 G05 2026  1 15 11 59 30.000000 2026  1 15 12 51  0.000000           -10          -96
 G22 G19 2026  1 15  7 27 30.000000 2026  1 15 13 27 30.000000            12         -118
 G17 G09 2026  1 15 10 19 30.000000 2026  1 15 14 16 30.000000            -6           33
 G09 G12 2026  1 15 11 27 30.000000 2026  1 15 14 16 30.000000           -33          163
 E25 E06 2026  1 15 10 55  0.000000 2026  1 15 14 17 30.000000            12          -98
 E25 E34 2026  1 15 10 47  0.000000 2026  1 15 14 17 30.000000            27          -95
 E06 E09 2026  1 15 10 57 30.000000 2026  1 15 15  1 30.000000             0           15
 E02 E30 2026  1 15 12 44 30.000000 2026  1 15 16 13 30.000000           -15           30
 E09 E30 2026  1 15 12 44 30.000000 2026  1 15 16 19  0.000000           -44          146
 G06 G21 2026  1 15 10 47 30.000000 2026  1 15 16 19  0.000000            -8           65
 G06 G05 2026  1 15 11 59 30.000000 2026  1 15 16 19  0.000000            -6           63
 G11 G21 2026  1 15 10 47 30.000000 2026  1 15 18 10  0.000000             5           39
 E36 E13 2026  1 15 18  5  0.000000 2026  1 15 18 24  0.000000           -72          193
 E05 E03 2026  1 15 14  6 30.000000 2026  1 15 19  7  0.000000            20           59
 E05 E15 2026  1 15 14 58  0.000000 2026  1 15 19  7  0.000000             7          120
 G13 G32 2026  1 15 18 44  0.000000 2026  1 15 19 10 30.000000             4           80
 G13 G15 2026  1 15 14  3  0.000000 2026  1 15 19 10 30.000000            10           33
 G29 G12 2026  1 15 18 44 30.000000 2026  1 15 19 24 30.000000            18            1
 G29 G24 2026  1 15 16  2 30.000000 2026  1 15 19 24 30.000000            30          -34
 G05 G18 2026  1 15 16 21  0.000000 2026  1 15 19 58  0.000000           -22          177
 G05 G12 2026  1 15 18 44 30.000000 2026  1 15 19 58  0.000000           -18          161
 G05 G25 2026  1 15 19 26  0.000000 2026  1 15 19 58  0.000000           -25          134
 E34 E15 2026  1 15 14 58  0.000000 2026  1 15 20 45  0.000000           -46          165
 E34 E30 2026  1 15 20 23  0.000000 2026  1 15 20 45  0.000000           -60          170
 G15 G10 2026  1 15 18 51  0.000000 2026  1 15 21 14  0.000000            -7           80
 E03 E26 2026  1 15 20 45 30.000000 2026  1 15 23 23 30.000000           -27           76
 G23 G32 2026  1 15 18 44  0.000000 2026  1 15 23 43 30.000000            25          -40
 G23 G28 2026  1 15 20  6  0.000000 2026  1 15 23 43 30.000000            24            1
 E08 E26 2026  1 15 20 45 30.000000 2026  1 15 23 59 30.000000           -13           31
 E13 E27 2026  1 15 22  1  0.000000 2026  1 15 23 59 30.000000             0            8
 G10 G26 2026  1 15 22  3 30.000000 2026  1 15 23 59 30.000000            -6           -8
 E07 E30 2026  1 15 20 23  0.000000 2026  1 15 23 59 30.000000           -19           27
 G32 G16 2026  1 15 23 24 30.000000 2026  1 15 23 59 30.000000           -10           22
 G32 G31 2026  1 15 21 30  0.000000 2026  1 15 23 59 30.000000           -22           47
 E08 E27 2026  1 15 22  1  0.000000 2026  1 15 23 59 30.000000           -13           27
 E13 E02 2026  1 15 18 58 30.000000 2026  1 15 23 59 30.000000             2            3
 G25 G26 2026  1 15 22  3 30.000000 2026  1 15 23 59 30.000000             9           16
