Single-Difference Ambiguity Constraint  kiru                COMMENT
    SD                                                      TYPE OF CONSTRAINT
   658   652   650                                          G   AMB FIXING (T/W/N)
   382   368   367                                          E   AMB FIXING (T/W/N)
   129   129   129    ROUNDING                              IND AMB FIXING (T/W/N)
                                                            END OF HEADER
 G28 G31 2026  1 15  0  0  0.000000 2026  1 15  0 30  0.000000           -22           -9
 G04 G28 2026  1 15  0  0  0.000000 2026  1 15  0 30  0.000000             8           26
 G17 G19 2026  1 15  0  0  0.000000 2026  1 15  0 42 30.000000            11            5
 G01 G11 2026  1 15  0 24  0.000000 2026  1 15  0 48 30.000000            17          -21
 E18 E21 2026  1 15  0  0  0.000000 2026  1 15  0 50  0.000000            -9           -8
 G06 G26 2026  1 15  0 46 30.000000 2026  1 15  0 57  0.000000             4          -21
 G19 G28 2026  1 15  0 40  0.000000 2026  1 15  0 59  0.000000            18           37
 E04 E11 2026  1 15  0  0  0.000000 2026  1 15  1  7 30.000000           -24           -8
 E04 E27 2026  1 15  0  0  0.000000 2026  1 15  1 14 30.000000            21          -11
 G19 G28 2026  1 15  1  0 30.000000 2026  1 15  1 15  0.000000            21           37
 G03 G25 2026  1 15  0  0  0.000000 2026  1 15  1 17  0.000000            -2          -31
 G11 G28 2026  1 15  1  0 30.000000 2026  1 15  1 35  0.000000             7           30
 G03 G04 2026  1 15  0  0  0.000000 2026  1 15  2 25  0.000000            -6            4
 G31 G16 2026  1 15  1 48  0.000000 2026  1 15  2 46 30.000000             1          -16
 G31 G07 2026  1 15  1 49 30.000000 2026  1 15  2 46 30.000000            -3          -25
 E04 E06 2026  1 15  0  0  0.000000 2026  1 15  2 48  0.000000            12          -23
 E36 E23 2026  1 15  1  0  0.000000 2026  1 15  2 50  0.000000            -5          -47
 E21 E34 2026  1 15  0  0  0.000000 2026  1 15  2 58  0.000000             2            7
 G06 G21 2026  1 15  1 38  0.000000 2026  1 15  3 29 30.000000            -2           11
 G11 G29 2026  1 15  1 34  0.000000 2026  1 15  3 42 30.000000            10           -6
 G11 G26 2026  1 15  0 46 30.000000 2026  1 15  3 45  0.000000             1          -30
 G26 G21 2026  1 15  1 38  0.000000 2026  1 15  3 45  0.000000            -5           32
 E06 E31 2026  1 15  2 15 30.000000 2026  1 15  3 57 30.000000             5           19
 G04 G07 2026  1 15  1 49 30.000000 2026  1 15  4  7 30.000000           -16           -8
 G04 G30 2026  1 15  2 56  0.000000 2026  1 15  4  7 30.000000           -20          -21
 E34 E13 2026  1 15  2 58 30.000000 2026  1 15  4 16 30.000000           -10          -14
 E34 E15 2026  1 15  0 57  0.000000 2026  1 15  4 16 30.000000             6            4
 E23 E03 2026  1 15  2 41 30.000000 2026  1 15  4 46 30.000000           -11           25
 G09 G16 2026  1 15  1 48  0.000000 2026  1 15  5  2 30.000000           -20            6
 E09 E03 2026  1 15  2 41 30.000000 2026  1 15  5  4 30.000000           -18           -4
 E09 E05 2026  1 15  0 33  0.000000 2026  1 15  5  4 30.000000            -1           -2
 G09 G13 2026  1 15  4 13 30.000000 2026  1 15  5 15  0.000000           -19           11
 E15 E26 2026  1 15  5  2 30.000000 2026  1 15  5 41  0.000000           -26          -15
 G21 G08 2026  1 15  4 45  0.000000 2026  1 15  6 30 30.000000             3          -13
 E05 E31 2026  1 15  2 15 30.000000 2026  1 15  6 40  0.000000            -6           -2
 E13 E08 2026  1 15  4 49 30.000000 2026  1 15  6 46  0.000000             6           15
 G07 G27 2026  1 15  4  6  0.000000 2026  1 15  6 47 30.000000            21          -20
 G05 G23 2026  1 15  5 45  0.000000 2026  1 15  6 55  0.000000           -10            4
 G18 G14 2026  1 15  4 53  0.000000 2026  1 15  6 57 30.000000             2           14
 G08 G02 2026  1 15  7  0  0.000000 2026  1 15  7 42  0.000000             5           29
 G30 G22 2026  1 15  5 26 30.000000 2026  1 15  8 13 30.000000            11           29
 E26 E02 2026  1 15  6 46 30.000000 2026  1 15  8 17  0.000000            17            5
 G23 G10 2026  1 15  6 58 30.000000 2026  1 15  9 13  0.000000            38          -23
 G23 G19 2026  1 15  7 49  0.000000 2026  1 15  9 13  0.000000             1          -25
 E03 E18 2026  1 15  8 10 30.000000 2026  1 15  9 14 30.000000            55           -6
 E03 E25 2026  1 15  4 56  0.000000 2026  1 15  9 14 30.000000             9           -1
 G13 G01 2026  1 15  8 13 30.000000 2026  1 15  9 16  0.000000            45          -23
 E33 E07 2026  1 15  7  4  0.000000 2026  1 15  9 37 30.000000            15            5
 G02 G12 2026  1 15  8 41  0.000000 2026  1 15  9 39  0.000000            -5          -24
 G15 G10 2026  1 15  6 58 30.000000 2026  1 15  9 41  0.000000            14          -35
 G14 G22 2026  1 15  5 26 30.000000 2026  1 15  9 52 30.000000           -13           -2
 G01 G03 2026  1 15 10 21 30.000000 2026  1 15 10 39  0.000000           -31           -4
 G17 G01 2026  1 15  8 13 30.000000 2026  1 15 10 39  0.000000            37           16
 E08 E30 2026  1 15  9  0  0.000000 2026  1 15 11  0  0.000000            31          -21
 E08 E07 2026  1 15  7  4  0.000000 2026  1 15 11  0  0.000000             8           -9
 E25 E10 2026  1 15  8 29  0.000000 2026  1 15 11  4 30.000000            16          -41
 E12 E29 2026  1 15  9 14 30.000000 2026  1 15 11 17 30.000000            33           14
 G17 G19 2026  1 15  7 49  0.000000 2026  1 15 11 36 30.000000            -8            4
 G24 G25 2026  1 15  9 53  0.000000 2026  1 15 12  1 30.000000            10          -49
 G24 G28 2026  1 15 10 44 30.000000 2026  1 15 12  1 30.000000           -32          -11
 E02 E10 2026  1 15  8 29  0.000000 2026  1 15 12  5  0.000000            15          -37
 G19 G11 2026  1 15 11 13  0.000000 2026  1 15 12 21 30.000000            -2          -54
 G12 G32 2026  1 15  8 49  0.000000 2026  1 15 12 29  0.000000           -31          -36
 E07 E34 2026  1 15 11 50 30.000000 2026  1 15 12 30  0.000000            27          -56
 E30 E11 2026  1 15  9  5 30.000000 2026  1 15 13  0 30.000000            -5          -12
 E02 E36 2026  1 15 10 14 30.000000 2026  1 15 13 24 30.000000            49          -59
 E29 E27 2026  1 15 10 55 30.000000 2026  1 15 13 53  0.000000             3          -52
 E29 E15 2026  1 15 13  9 30.000000 2026  1 15 13 53  0.000000           -10          -94
 G12 G06 2026  1 15 10  0 30.000000 2026  1 15 13 54  0.000000            16          -83
 G25 G06 2026  1 15 10  0 30.000000 2026  1 15 13 54  0.000000            21          -35
 G12 G21 2026  1 15 13 16 30.000000 2026  1 15 14  1  0.000000            -5           -4
 E19 E15 2026  1 15 13  9 30.000000 2026  1 15 14 35  0.000000             8          -84
 G28 G04 2026  1 15 12 45 30.000000 2026  1 15 15 16 30.000000            30            6
 G11 G21 2026  1 15 13 16 30.000000 2026  1 15 15 17 30.000000            12           69
 G04 G09 2026  1 15 13 33 30.000000 2026  1 15 15 23 30.000000            27           -4
 G09 G05 2026  1 15 13 51  0.000000 2026  1 15 15 47  0.000000           -14          -13
 G31 G18 2026  1 15 14  2 30.000000 2026  1 15 16  5  0.000000            22          -16
 E27 E04 2026  1 15 13  8  0.000000 2026  1 15 16 21  0.000000           -17           34
 E34 E04 2026  1 15 13  8  0.000000 2026  1 15 16 21  0.000000           -22           60
 E06 E13 2026  1 15 14 59  0.000000 2026  1 15 16 54 30.000000            25          -26
 E21 E06 2026  1 15 14  1 30.000000 2026  1 15 16 54 30.000000             6           31
 G29 G26 2026  1 15 12 54 30.000000 2026  1 15 16 58 30.000000            11           30
 G29 G18 2026  1 15 14  2 30.000000 2026  1 15 16 58 30.000000             8           44
 E27 E26 2026  1 15 16 59 30.000000 2026  1 15 17 28 30.000000           -36           21
 G05 G07 2026  1 15 16 17 30.000000 2026  1 15 17 35  0.000000            10           22
 G05 G23 2026  1 15 15 57 30.000000 2026  1 15 17 35  0.000000            -4           23
 E09 E23 2026  1 15 15 24  0.000000 2026  1 15 17 44  0.000000             5           14
 E09 E05 2026  1 15 16  6 30.000000 2026  1 15 17 44  0.000000           -10          -17
 G26 G30 2026  1 15 16 59  0.000000 2026  1 15 17 48  0.000000           -25           16
 G26 G10 2026  1 15 17  4  0.000000 2026  1 15 17 48  0.000000           -15           35
 G16 G13 2026  1 15 16 35  0.000000 2026  1 15 18 42 30.000000            -3           30
 G16 G02 2026  1 15 18 16  0.000000 2026  1 15 18 42 30.000000             8           41
 G13 G15 2026  1 15 16 36  0.000000 2026  1 15 19  4 30.000000            -8           -2
 E21 E23 2026  1 15 15 24  0.000000 2026  1 15 19 14  0.000000             0           48
 E15 E03 2026  1 15 17 18 30.000000 2026  1 15 19 16  0.000000           -11           72
 E14 E05 2026  1 15 16  6 30.000000 2026  1 15 19 21 30.000000             1          -10
 G15 G14 2026  1 15 18 47  0.000000 2026  1 15 19 46  0.000000            20          -23
 E23 E31 2026  1 15 17 39  0.000000 2026  1 15 20 37  0.000000            -4          -40
 E23 E33 2026  1 15 19 15 30.000000 2026  1 15 20 37  0.000000            -9            4
 G23 G32 2026  1 15 19 13  0.000000 2026  1 15 20 43 30.000000            13           -8
 G27 G22 2026  1 15 19 39  0.000000 2026  1 15 20 48  0.000000           -37          -32
 G27 G08 2026  1 15 16 53  0.000000 2026  1 15 20 48  0.000000             0           -2
 E13 E03 2026  1 15 17 18 30.000000 2026  1 15 21 10 30.000000           -36           27
 G10 G17 2026  1 15 20 32 30.000000 2026  1 15 21 23  0.000000            -6          -11
 G02 G22 2026  1 15 19 39  0.000000 2026  1 15 21 30 30.000000           -41          -60
 E13 E29 2026  1 15 21 21 30.000000 2026  1 15 21 34  0.000000           -27           42
 G08 G03 2026  1 15 20 57  0.000000 2026  1 15 21 41 30.000000            -4            5
 G01 G24 2026  1 15 19 34  0.000000 2026  1 15 21 50 30.000000            28          -49
 G32 G17 2026  1 15 20 32 30.000000 2026  1 15 21 54  0.000000            -6          -16
 E31 E25 2026  1 15 21 20 30.000000 2026  1 15 22  1 30.000000           -15            9
 G32 G10 2026  1 15 21 25  0.000000 2026  1 15 22  9 30.000000             2           -5
 G10 G22 2026  1 15 21 32  0.000000 2026  1 15 22  9 30.000000           -48          -25
 E08 E10 2026  1 15 22 31 30.000000 2026  1 15 23  6  0.000000            -2          -16
 E08 E07 2026  1 15 19 45  0.000000 2026  1 15 23  6  0.000000            12           -4
 G32 G12 2026  1 15 22 20 30.000000 2026  1 15 23 28  0.000000           -22           18
 G12 G25 2026  1 15 23  1 30.000000 2026  1 15 23 28  0.000000            18          -28
 G02 G06 2026  1 15 23 27  0.000000 2026  1 15 23 42 30.000000            11          -33
 G32 G04 2026  1 15 22 40  0.000000 2026  1 15 23 49 30.000000             0           17
 E26 E07 2026  1 15 19 45  0.000000 2026  1 15 23 50 30.000000            26           24
 G25 G12 2026  1 15 23 29  0.000000 2026  1 15 23 57 30.000000           -17           28
 G28 G06 2026  1 15 23 27  0.000000 2026  1 15 23 59  0.000000             9          -19
 G01 G19 2026  1 15 21 25  0.000000 2026  1 15 23 59 30.000000            27          -38
 G03 G19 2026  1 15 21 25  0.000000 2026  1 15 23 59 30.000000             9          -17
 E25 E19 2026  1 15 23 17  0.000000 2026  1 15 23 59 30.000000            22           31
 G31 G04 2026  1 15 22 40  0.000000 2026  1 15 23 59 30.000000            20           -5
 G01 G17 2026  1 15 21 54 30.000000 2026  1 15 23 59 30.000000            25          -42
 E12 E10 2026  1 15 22 31 30.000000 2026  1 15 23 59 30.000000             3            1
 E12 E02 2026  1 15 22 59  0.000000 2026  1 15 23 59 30.000000            11            9
 G28 G31 2026  1 15 22 39  0.000000 2026  1 15 23 59 30.000000           -17            6
