Single-Difference Ambiguity Constraint  wuh2                COMMENT
    SD                                                      TYPE OF CONSTRAINT
   284   241   231                                          G   AMB FIXING (T/W/N)
   198   188   188                                          E   AMB FIXING (T/W/N)
    75    75    75    ROUNDING                              IND AMB FIXING (T/W/N)
                                                            END OF HEADER
 G25 G31 2026  1 15  0  0  0.000000 2026  1 15  0 38 30.000000             8           41
 G10 G28 2026  1 15  0  0  0.000000 2026  1 15  0 47  0.000000             3           14
 G10 G29 2026  1 15  0  0  0.000000 2026  1 15  0 47  0.000000             3          -35
 E14 E29 2026  1 15  0  0  0.000000 2026  1 15  1  4 30.000000            -5           13
 G26 G32 2026  1 15  0  0  0.000000 2026  1 15  2  4  0.000000             2            8
 E21 E23 2026  1 15  0  0  0.000000 2026  1 15  2 34  0.000000             2           -2
 E21 E31 2026  1 15  0  0  0.000000 2026  1 15  2 34  0.000000             9          -41
 G03 G27 2026  1 15  1 18  0.000000 2026  1 15  3  8  0.000000             2         -102
 G31 G03 2026  1 15  0 26  0.000000 2026  1 15  3  8  0.000000            -4          -33
 E04 E19 2026  1 15  0  0  0.000000 2026  1 15  3  9  0.000000            -5            1
 G26 G28 2026  1 15  0  0  0.000000 2026  1 15  3 23 30.000000             5           36
 G26 G16 2026  1 15  0  8  0.000000 2026  1 15  5  7  0.000000             6           -7
 G26 G07 2026  1 15  4 39 30.000000 2026  1 15  5  7  0.000000             7          -17
 E04 E10 2026  1 15  5 12  0.000000 2026  1 15  5 53 30.000000            70         -218
 E04 E14 2026  1 15  0  0  0.000000 2026  1 15  5 53 30.000000            14          -38
 E23 E10 2026  1 15  5 12  0.000000 2026  1 15  6  7  0.000000            68         -211
 G04 G02 2026  1 15  4  8 30.000000 2026  1 15  6 11  0.000000             7         -119
 E14 E33 2026  1 15  3 51 30.000000 2026  1 15  6 12 30.000000            21          -76
 G27 G09 2026  1 15  2 57  0.000000 2026  1 15  6 13  0.000000            -2           65
 G16 G09 2026  1 15  2 57  0.000000 2026  1 15  6 13  0.000000            -3          -30
 E31 E06 2026  1 15  0 17 30.000000 2026  1 15  6 44 30.000000           -37            4
 G27 G30 2026  1 15  5 43 30.000000 2026  1 15  7  5 30.000000            -2           66
 E09 E25 2026  1 15  6 28  0.000000 2026  1 15  7 23 30.000000            39          -20
 E09 E05 2026  1 15  4 30  0.000000 2026  1 15  7 23 30.000000            31           -8
 E33 E12 2026  1 15  5  1 30.000000 2026  1 15  8  0  0.000000             0           18
 G08 G30 2026  1 15  5 43 30.000000 2026  1 15  8 26 30.000000            -1           82
 G08 G02 2026  1 15  4  8 30.000000 2026  1 15  8 26 30.000000             8            2
 G07 G14 2026  1 15  6 41 30.000000 2026  1 15  9 36  0.000000            -2           -6
 G07 G03 2026  1 15  8 18  0.000000 2026  1 15  9 36  0.000000            -3          -73
 G01 G30 2026  1 15  5 43 30.000000 2026  1 15 10 20  0.000000            -8          134
 E10 E09 2026  1 15 12  7  0.000000 2026  1 15 12 25  0.000000           -59          190
 E10 E11 2026  1 15  6 23 30.000000 2026  1 15 12 25  0.000000           -21           65
 G14 G11 2026  1 15 10 32 30.000000 2026  1 15 12 29 30.000000             1            8
 G14 G09 2026  1 15 11 12 30.000000 2026  1 15 12 29 30.000000            -1            6
 G17 G22 2026  1 15  7 37 30.000000 2026  1 15 13 11  0.000000            -3           49
 G22 G19 2026  1 15  8 25 30.000000 2026  1 15 13 11  0.000000             0           -8
 G17 G05 2026  1 15 12 39 30.000000 2026  1 15 13 51 30.000000            -2           53
 E25 E02 2026  1 15 10 18  0.000000 2026  1 15 14  5  0.000000            -2           69
 E25 E36 2026  1 15  8 17  0.000000 2026  1 15 14  5  0.000000            49         -114
 G09 G12 2026  1 15 11 54 30.000000 2026  1 15 14  8 30.000000             2           39
 G19 G06 2026  1 15  8 44  0.000000 2026  1 15 14 33 30.000000            -3          -63
 G19 G13 2026  1 15 13 48 30.000000 2026  1 15 14 33 30.000000             1           16
 G21 G25 2026  1 15 13 34 30.000000 2026  1 15 14 34  0.000000            -6           70
 E02 E06 2026  1 15 11 50 30.000000 2026  1 15 14 56  0.000000           -18          -47
 E06 E09 2026  1 15 12  7  0.000000 2026  1 15 14 56  0.000000             3           16
 E18 E03 2026  1 15 14 27  0.000000 2026  1 15 15 32  0.000000             2           21
 E30 E03 2026  1 15 14 27  0.000000 2026  1 15 15 45  0.000000            10          -15
 E34 E30 2026  1 15 12 56  0.000000 2026  1 15 15 45  0.000000           -16           30
 G21 G30 2026  1 15 15 13 30.000000 2026  1 15 16  4  0.000000            -6           76
 E36 E05 2026  1 15 12 30  0.000000 2026  1 15 17 19 30.000000           -53           84
 G11 G13 2026  1 15 13 48 30.000000 2026  1 15 17 28  0.000000             2           11
 G11 G29 2026  1 15 14 44 30.000000 2026  1 15 17 28  0.000000            -1           40
 G21 G05 2026  1 15 12 39 30.000000 2026  1 15 17 50  0.000000             0           60
 G29 G23 2026  1 15 16 57  0.000000 2026  1 15 18 53 30.000000             0            0
 G05 G15 2026  1 15 14 20 30.000000 2026  1 15 19 12 30.000000            -1            6
 E05 E15 2026  1 15 14 57 30.000000 2026  1 15 19 30  0.000000           -11           92
 E05 E13 2026  1 15 18 29 30.000000 2026  1 15 19 30  0.000000           -23           84
 E34 E25 2026  1 15 19 39  0.000000 2026  1 15 20 22  0.000000           -13           28
 G15 G32 2026  1 15 19 22 30.000000 2026  1 15 20 58 30.000000            -4            2
 G18 G28 2026  1 15 20 41 30.000000 2026  1 15 21 41  0.000000             0           -3
 G24 G10 2026  1 15 19 18 30.000000 2026  1 15 21 48 30.000000             0           15
 E15 E08 2026  1 15 16 27 30.000000 2026  1 15 22 15 30.000000            -8           -6
 E03 E08 2026  1 15 16 27 30.000000 2026  1 15 22 45 30.000000            -5           15
 G32 G12 2026  1 15 20  0 30.000000 2026  1 15 23  0  0.000000             3           22
 G23 G10 2026  1 15 19 18 30.000000 2026  1 15 23 15  0.000000            -3          -14
 E13 E07 2026  1 15 19 48  0.000000 2026  1 15 23 21  0.000000             9           -5
 E13 E26 2026  1 15 21 15 30.000000 2026  1 15 23 21  0.000000           -21            4
 E07 E30 2026  1 15 20 42 30.000000 2026  1 15 23 59 30.000000           -23          -16
 E02 E30 2026  1 15 20 42 30.000000 2026  1 15 23 59 30.000000            -4          -24
 G31 G26 2026  1 15 22 22 30.000000 2026  1 15 23 59 30.000000            -8          -34
 G28 G26 2026  1 15 22 22 30.000000 2026  1 15 23 59 30.000000            -7          -36
 G10 G25 2026  1 15 19 46 30.000000 2026  1 15 23 59 30.000000            -1          -15
 G10 G28 2026  1 15 20 41 30.000000 2026  1 15 23 59 30.000000             3           20
 E02 E27 2026  1 15 22 36 30.000000 2026  1 15 23 59 30.000000             6           -4
 G32 G29 2026  1 15 23 41 30.000000 2026  1 15 23 59 30.000000             4          -20
