Single-Difference Ambiguity Constraint  kiru                COMMENT
    SD                                                      TYPE OF CONSTRAINT
   658   652   650                                          G   AMB FIXING (T/W/N)
    78    78    78    ROUNDING                              IND AMB FIXING (T/W/N)
                                                            END OF HEADER
 G28 G31 2026  1 15  0  0  0.000000 2026  1 15  0 30  0.000000           -22           -9
 G03 G28 2026  1 15  0  0  0.000000 2026  1 15  0 30  0.000000             2           30
 G17 G19 2026  1 15  0  0  0.000000 2026  1 15  0 42 30.000000            11            5
 G01 G19 2026  1 15  0  0  0.000000 2026  1 15  0 48 30.000000             3          -28
 G04 G06 2026  1 15  0  0  0.000000 2026  1 15  0 57  0.000000             2          -13
 G31 G26 2026  1 15  0 46 30.000000 2026  1 15  0 57 30.000000            20          -51
 G19 G28 2026  1 15  0 40  0.000000 2026  1 15  0 59  0.000000            18           37
 G19 G26 2026  1 15  0 46 30.000000 2026  1 15  1 15  0.000000            15          -23
 G19 G28 2026  1 15  1  0 30.000000 2026  1 15  1 15  0.000000            21           37
 G25 G11 2026  1 15  0 24  0.000000 2026  1 15  1 17  0.000000             1           31
 G03 G04 2026  1 15  0  0  0.000000 2026  1 15  2 25  0.000000            -6            4
 G03 G06 2026  1 15  1  0  0.000000 2026  1 15  2 25  0.000000            -3           -9
 G31 G16 2026  1 15  1 48  0.000000 2026  1 15  2 46 30.000000             1          -16
 G06 G16 2026  1 15  1 48  0.000000 2026  1 15  3 29 30.000000           -15           14
 G26 G29 2026  1 15  1 34  0.000000 2026  1 15  3 45  0.000000             9           24
 G04 G09 2026  1 15  0  0  0.000000 2026  1 15  4  7 30.000000             8           -5
 G09 G11 2026  1 15  0 24  0.000000 2026  1 15  4 32 30.000000            -3            1
 G11 G21 2026  1 15  1 38  0.000000 2026  1 15  4 32 30.000000            -4            2
 G16 G08 2026  1 15  4 45  0.000000 2026  1 15  5  2 30.000000            16          -16
 G21 G07 2026  1 15  1 49 30.000000 2026  1 15  6 30 30.000000           -17           -6
 G07 G27 2026  1 15  4  6  0.000000 2026  1 15  6 47 30.000000            21          -20
 G05 G30 2026  1 15  2 56  0.000000 2026  1 15  6 55  0.000000           -18          -13
 G18 G14 2026  1 15  4 53  0.000000 2026  1 15  6 57 30.000000             2           14
 G07 G02 2026  1 15  7  0  0.000000 2026  1 15  7 16 30.000000            25           22
 G07 G24 2026  1 15  6 55  0.000000 2026  1 15  7 16 30.000000             5           -1
 G30 G24 2026  1 15  6 55  0.000000 2026  1 15  8 13 30.000000             9           12
 G23 G10 2026  1 15  6 58 30.000000 2026  1 15  9 13  0.000000            38          -23
 G22 G23 2026  1 15  5 45  0.000000 2026  1 15  9 13  0.000000            -3          -12
 G13 G12 2026  1 15  8 41  0.000000 2026  1 15  9 16  0.000000            15          -16
 G13 G15 2026  1 15  4 56  0.000000 2026  1 15  9 16  0.000000            23            2
 G15 G22 2026  1 15  5 26 30.000000 2026  1 15  9 41  0.000000           -21            0
 G14 G32 2026  1 15  8 49  0.000000 2026  1 15  9 52 30.000000           -31          -56
 G14 G10 2026  1 15  6 58 30.000000 2026  1 15  9 52 30.000000            22          -37
 G22 G03 2026  1 15 10 21 30.000000 2026  1 15 10 33  0.000000            12          -29
 G22 G25 2026  1 15  9 53  0.000000 2026  1 15 10 33  0.000000             8          -66
 G01 G12 2026  1 15  8 41  0.000000 2026  1 15 10 39  0.000000           -30            7
 G24 G17 2026  1 15  7  9 30.000000 2026  1 15 11 36 30.000000             8          -24
 G17 G19 2026  1 15  7 49  0.000000 2026  1 15 11 36 30.000000            -8            4
 G24 G11 2026  1 15 11 13  0.000000 2026  1 15 12  1 30.000000            -2          -74
 G19 G06 2026  1 15 10  0 30.000000 2026  1 15 12 21 30.000000            31          -64
 G32 G28 2026  1 15 10 44 30.000000 2026  1 15 12 29  0.000000           -16           26
 G03 G31 2026  1 15 11 52  0.000000 2026  1 15 12 50  0.000000            -4           -5
 G06 G29 2026  1 15 11 30 30.000000 2026  1 15 13 54  0.000000            -7            7
 G12 G11 2026  1 15 11 13  0.000000 2026  1 15 14  1  0.000000           -17          -73
 G25 G21 2026  1 15 13 16 30.000000 2026  1 15 15 14  0.000000             0           44
 G28 G04 2026  1 15 12 45 30.000000 2026  1 15 15 16 30.000000            30            6
 G11 G16 2026  1 15 14 11  0.000000 2026  1 15 15 17 30.000000             9           56
 G04 G09 2026  1 15 13 33 30.000000 2026  1 15 15 23 30.000000            27           -4
 G26 G21 2026  1 15 13 16 30.000000 2026  1 15 16 19  0.000000           -25           42
 G21 G23 2026  1 15 15 57 30.000000 2026  1 15 16 19  0.000000            -3            6
 G29 G15 2026  1 15 16 36  0.000000 2026  1 15 16 58 30.000000           -28           87
 G29 G13 2026  1 15 16 35  0.000000 2026  1 15 16 58 30.000000           -20           89
 G05 G27 2026  1 15 15 50  0.000000 2026  1 15 17 35  0.000000             0           17
 G05 G18 2026  1 15 14  2 30.000000 2026  1 15 17 35  0.000000            21          -11
 G26 G10 2026  1 15 17  4  0.000000 2026  1 15 17 48  0.000000           -15           35
 G16 G08 2026  1 15 16 53  0.000000 2026  1 15 18 42 30.000000             4           11
 G07 G30 2026  1 15 16 59  0.000000 2026  1 15 18 47  0.000000           -11          -31
 G30 G14 2026  1 15 18 47  0.000000 2026  1 15 19  9  0.000000             6           18
 G30 G02 2026  1 15 18 16  0.000000 2026  1 15 19  9  0.000000             5           54
 G18 G08 2026  1 15 16 53  0.000000 2026  1 15 19 22  0.000000           -21           26
 G15 G24 2026  1 15 19 34  0.000000 2026  1 15 19 46  0.000000            21          -40
 G23 G02 2026  1 15 18 16  0.000000 2026  1 15 20 43 30.000000             8           22
 G14 G17 2026  1 15 20 32 30.000000 2026  1 15 21 28 30.000000            -2          -10
 G32 G22 2026  1 15 19 39  0.000000 2026  1 15 21 30 30.000000           -46          -30
 G08 G01 2026  1 15 19 30  0.000000 2026  1 15 21 41 30.000000           -22           26
 G17 G22 2026  1 15 21 32  0.000000 2026  1 15 21 54  0.000000           -40          -14
 G03 G10 2026  1 15 21 25  0.000000 2026  1 15 22  9 30.000000            15          -10
 G12 G04 2026  1 15 22 40  0.000000 2026  1 15 23 28  0.000000            22           -1
 G02 G28 2026  1 15 21 58  0.000000 2026  1 15 23 42 30.000000             2          -14
 G02 G03 2026  1 15 20 57  0.000000 2026  1 15 23 42 30.000000            -8          -25
 G32 G19 2026  1 15 21 25  0.000000 2026  1 15 23 49 30.000000            -4          -12
 G32 G28 2026  1 15 21 58  0.000000 2026  1 15 23 49 30.000000            -3           16
 G06 G12 2026  1 15 23 29  0.000000 2026  1 15 23 57 30.000000           -27           21
 G04 G25 2026  1 15 23  1 30.000000 2026  1 15 23 57 30.000000            -4          -27
 G19 G25 2026  1 15 23  1 30.000000 2026  1 15 23 57 30.000000             0            2
 G04 G06 2026  1 15 23 27  0.000000 2026  1 15 23 59  0.000000             6          -20
 G03 G31 2026  1 15 22 39  0.000000 2026  1 15 23 59 30.000000            -7           17
 G01 G17 2026  1 15 21 54 30.000000 2026  1 15 23 59 30.000000            25          -42
